find
0 18 31 74 92 99 142 176 197 217 239 265 279 282 294 295 311 335 354 358 366 407 506 515 547 557 617 646 653 657 667 670 682 693 698 699 715 735 770 786 826 855 889 896 917 956 957 958 959 973 982 984 998 1005 1015 1034 1044 1085 1122 1139 1156 1183 1219 1231 1257 1268 1308 1316 1327 1362 1388 1401 1423 1425 1452 1463 1464 1481 1496 1528 1537 1560 1565 1574 1587 1625 1686 1688 1746 1752 1758 1764 1786 1794 1817 1820 1823 1828 1840 1853 1864 1869 1879 1883 1889 1908 1970 1976 1991 1998 2027
all
0 18 47 99 212 217 235 244 253 267 276 277 286 298 324 330 345 354 404 431 450 454 480 480 485 547 557 581 626 716 723 787 789 803 888 915 933 956 963 973 1033 1105 1127 1139 1166 1211 1249 1298 1319 1388 1445 1499 1614 1628 1656 1677 1769 1811 1819 1828 1899 1976 1979 2017 3730
good
0 167 168 185 301 306 554 672 718 799 930 1068 1073 1139 1225 1373 1710 1792 1904 1991
strings
0 34 173 191 269 280 399 401 415 590 621 661 676 754 768 831 914 919 929 952 1069 1127 1230 1406 1524 1570 1588 1664 1670 1795 1851 1893 1904 1916 1922 1959 1962 2025
using
1 452 962 1053 1282 1763 1988 2155 2866 2970
a
1 2 10 11 15 21 22 22 24 29 30 43 45 46 56 66 67 72 92 92 92 105 106 110 127 138 140 148 165 186 193 201 202 220 255 257 259 286 288 291 294 308 309 331 345 346 354 363 365 366 379 383 387 402 404 419 433 446 451 475 482 498 515 523 526 538 540 548 555 565 577 584 596 602 604 617 623 623 652 656 669 695 698 702 705 706 713 713 713 715 716 720 725 727 729 730 735 740 740 744 744 753 769 786 799 800 807 827 836 847 861 863 914 926 930 932 947 970 974 980 986 1008 1012 1019 1023 1050 1071 1094 1098 1099 1101 1105 1113 1114 1146 1158 1166 1176 1177 1190 1196 1200 1211 1226 1228 1233 1233 1255 1255 1257 1260 1276 1282 1288 1293 1294 1295 1304 1325 1335 1338 1375 1379 1383 1386 1409 1419 1428 1439 1464 1471 1473 1489 1497 1510 1513 1518 1533 1540 1541 1548 1557 1558 1559 1583 1587 1602 1605 1618 1624 1625 1629 1636 1646 1660 1677 1677 1699 1699 1708 1710 1725 1728 1729 1743 1745 1750 1760 1764 1766 1771 1775 1779 1791 1797 1803 1809 1818 1823 1834 1836 1853 1853 1858 1858 1862 1892 1896 1902 1910 1914 1914 1944 1951 1955 1986 1988 1989 1997 2015 2018 2022 2033 2035
robot
1 1233 1292 1331 1360 1446
to
1 9 19 22 28 34 37 62 72 72 87 91 99 106 115 115 138 143 152 154 155 165 195 195 200 207 212 230 235 240 244 247 257 263 267 277 287 289 322 324 330 330 331 345 355 359 378 387 392 393 393 394 414 416 420 429 440 442 455 455 458 468 469 475 476 477 482 487 499 516 555 563 563 580 588 590 604 615 627 632 642 643 647 658 676 690 702 703 727 742 750 762 769 771 774 774 784 786 787 789 789 793 794 799 803 805 806 807 810 815 822 837 848 855 856 860 861 864 870 879 883 888 892 915 922 933 933 935 950 960 970 985 1004 1009 1022 1025 1037 1053 1061 1062 1079 1107 1144 1151 1157 1158 1158 1177 1177 1192 1197 1197 1207 1216 1224 1241 1245 1273 1279 1282 1288 1289 1302 1307 1319 1323 1355 1359 1360 1369 1375 1397 1410 1428 1437 1438 1442 1445 1454 1460 1471 1478 1482 1511 1524 1529 1539 1542 1545 1552 1554 1564 1604 1605 1605 1607 1611 1618 1629 1629 1634 1644 1645 1646 1655 1664 1680 1685 1687 1689 1689 1706 1720 1726 1731 1743 1743 1745 1759 1768 1771 1771 1775 1787 1790 1804 1807 1808 1825 1832 1835 1837 1838 1841 1842 1842 1853 1858 1860 1870 1883 1891 1897 1904 1923 1926 1954 1962 1969 1979 1989 1991 1992 1993 2004 2009 2010 2024 2032 3730
print
1 534 619 711 1189 1270
the
1 4 31 67 74 77 88 94 97 98 112 122 125 167 190 194 197 219 225 243 248 251 265 268 270 279 282 288 294 304 320 322 326 330 338 339 366 389 392 401 414 429 430 433 449 454 489 496 499 503 503 506 545 547 561 563 568 579 598 600 617 631 640 646 649 657 663 672 685 725 728 735 759 769 780 784 784 815 823 824 827 874 876 885 894 894 903 915 937 949 956 958 959 968 982 990 993 1000 1010 1034 1039 1041 1044 1064 1075 1082 1085 1115 1117 1122 1127 1142 1152 1152 1156 1171 1180 1197 1211 1219 1224 1228 1229 1239 1268 1298 1301 1301 1317 1324 1327 1327 1337 1339 1357 1362 1365 1391 1398 1423 1429 1435 1451 1452 1464 1464 1481 1496 1522 1560 1564 1565 1587 1607 1608 1623 1625 1645 1654 1659 1663 1674 1726 1733 1737 1742 1746 1757 1758 1758 1759 1766 1815 1815 1823 1823 1832 1889 1893 1910 1921 1924 1936 1959 1960 1960 1965 1970 1991 2004 2866 2866 2866 2866 2866 2866 2970 2970 2970 2970 3846
lexicographically
1 104 171 655 1324 1407
smallest
1 29 98 104 121 135 156 171 181 294 316 365 439 447 532 559 655 665 682 692 832 890 894 899 907 998 1063 1068 1074 1095 1160 1298 1386 1407 1464 1475 1587 1712 1770 1779 1817 1909 1918 1959
string
1 2 10 22 45 75 104 186 186 195 239 259 286 303 304 326 354 368 387 404 414 420 438 516 523 526 527 546 551 567 571 577 592 599 604 608 632 640 643 655 680 689 690 729 735 756 765 779 788 799 800 827 843 905 914 951 970 974 981 1022 1044 1066 1103 1127 1146 1157 1160 1217 1219 1249 1288 1316 1335 1341 1342 1359 1386 1401 1407 1419 1449 1467 1482 1483 1484 1487 1497 1529 1531 1538 1548 1572 1583 1613 1618 1625 1646 1666 1670 1717 1750 1756 1769 1773 1823 1835 1836 1854 1862 1873 1907 1918 1986 1990 2019 2025
reverse
2 8 33 113 577 782 830 943 981 1067 1234 1240 1399 1483 1495 1497 1521 1871 1968 2030 2032
vowels
2 47 847 1452 1527
of
2 10 18 22 26 30 32 34 36 40 43 45 47 48 54 60 62 69 70 80 81 92 92 93 96 98 103 105 107 113 114 115 116 121 122 127 127 128 133 137 138 148 160 167 169 173 180 184 190 191 191 194 201 213 214 217 219 222 230 232 237 242 244 251 253 253 262 263 270 276 279 280 286 291 296 299 306 307 310 317 318 331 338 351 356 359 360 362 365 366 366 371 377 380 385 390 398 401 404 404 408 409 414 417 419 425 429 433 435 436 440 441 442 443 449 455 457 457 475 476 477 479 481 488 489 493 499 504 523 525 527 530 531 540 547 547 554 565 568 570 585 588 589 604 613 617 621 621 623 629 632 634 637 651 652 657 659 660 661 665 666 672 673 675 676 676 689 703 704 707 713 716 718 722 723 725 728 729 735 739 746 750 756 762 764 766 766 777 783 789 790 794 799 801 803 809 810 820 821 827 828 829 831 833 847 847 854 863 865 867 875 876 876 887 892 892 894 896 902 911 915 917 925 926 926 928 929 932 933 934 935 937 938 939 944 950 959 969 974 976 980 980 985 993 995 1000 1004 1007 1008 1008 1010 1023 1024 1025 1031 1033 1039 1045 1052 1056 1065 1069 1070 1071 1075 1082 1083 1086 1088 1090 1094 1098 1101 1103 1105 1106 1113 1115 1116 1119 1122 1125 1126 1127 1127 1128 1129 1135 1137 1144 1146 1151 1152 1158 1161 1166 1171 1176 1177 1180 1184 1186 1190 1190 1191 1198 1203 1210 1211 1218 1218 1221 1224 1226 1229 1233 1240 1251 1255 1255 1260 1283 1287 1293 1294 1294 1305 1306 1308 1312 1315 1326 1337 1337 1349 1352 1355 1356 1362 1363 1365 1367 1373 1376 1382 1391 1396 1399 1402 1405 1411 1412 1420 1423 1429 1431 1432 1433 1437 1464 1471 1474 1481 1488 1496 1501 1502 1513 1516 1518 1535 1535 1537 1545 1548 1552 1558 1559 1560 1561 1562 1566 1570 1571 1574 1577 1578 1583 1587 1592 1598 1604 1609 1611 1619 1622 1625 1633 1636 1637 1638 1644 1651 1654 1654 1656 1657 1659 1676 1677 1682 1685 1685 1685 1687 1688 1697 1698 1702 1710 1713 1720 1722 1723 1726 1735 1742 1744 1745 1750 1758 1761 1765 1766 1766 1771 1772 1775 1780 1785 1791 1799 1803 1809 1815 1819 1820 1821 1823 1834 1837 1842 1853 1859 1865 1868 1870 1871 1877 1879 1880 1892 1892 1893 1895 1909 1911 1913 1923 1924 1926 1931 1934 1934 1939 1944 1948 1950 1951 1959 1960 1962 1963 1967 1972 1978 1986 1987 1997 2004 2009 2010 2011 2015 2015 2018 2019 2021 2022 2030
circular
3 175 328 432 804 970 1008 1690 1758 1818
array
3 4 10 13 16 32 45 85 91 106 142 148 150 160 162 178 197 210 217 224 264 267 275 279 292 312 312 322 335 336 343 370 378 388 392 393 400 403 416 425 440 444 445 455 487 488 491 493 496 501 521 533 547 552 553 557 592 594 595 598 602 602 614 615 633 646 647 653 660 663 670 684 691 693 738 745 785 789 794 812 815 849 857 870 880 882 883 885 896 917 922 930 932 935 947 950 954 956 970 973 979 995 1006 1009 1013 1015 1032 1054 1072 1083 1089 1110 1130 1132 1133 1137 1137 1159 1171 1183 1183 1211 1219 1225 1244 1283 1302 1307 1327 1349 1365 1371 1398 1410 1414 1420 1426 1432 1462 1481 1496 1501 1506 1516 1535 1539 1545 1572 1574 1575 1592 1598 1622 1625 1635 1638 1643 1645 1720 1731 1746 1755 1775 1790 1798 1804 1808 1828 1829 1832 1841 1845 1864 1868 1879 1914 1926 1940 1952 1964 1970 1973 1993 2032 2035
loop
3
restore
4 496 1267
linked
5 33 82 166 218 250 251 297 309 656 702 704 710 758 965 1067 1071 1242 1256 1678 1797 1810 1812 1897 3846
list
5 33 67 82 183 218 250 251 297 309 411 417 541 603 656 702 710 758 838 926 926 965 1067 1071 1174 1242 1256 1599 1632 1678 1787 1797 1810 1812 1816 1897 1946 3846
random
5 83 126 730 906 1517 1599 1748
node
5 92 109 110 417 540 654 656 758 836 1355 1366 1421 1558 1677 3846
132
6
pattern
6 93 311 607 701
strong
7 1802
password
7 1802
checker
7 1047 1802
pairs
8 122 210 227 280 306 488 496 552 554 589 634 676 812 998 1007 1032 1075 1090 1185 1198 1210 1238 1251 1371 1673 1785 1798 1868 1934 1987
best
9 17 155 202 468 469 627 1480 1739 1796 1838
time
9 19 99 103 131 155 277 324 345 394 468 469 618 627 642 741 769 888 889 1053 1078 1109 1112 1184 1301 1323 1375 1455 1554 1610 1687 1702 1706 1759 1791 1825 1838 1858 1872 1899 2009
buy
9 155 442 468 469 627 1706 1838
and
9 14 50 94 101 144 149 152 155 205 234 236 241 311 332 340 343 367 384 405 430 442 461 465 468 469 485 525 559 627 629 654 699 739 767 781 868 880 892 989 1002 1121 1133 1198 1243 1243 1275 1311 1316 1332 1337 1340 1352 1371 1378 1394 1399 1403 1423 1448 1450 1476 1528 1543 1547 1597 1622 1626 1638 1642 1662 1693 1716 1747 1799 1838 1876 1879 1892 1919 1922 2017 2866
sell
9 155 468 469 627 1046 1838
stock
9 155 468 469 627 1838 1956 1974
with
9 124 125 126 147 150 152 156 184 187 220 241 259 276 278 298 310 332 336 339 350 359 365 373 385 400 420 460 517 520 521 561 562 573 597 602 638 657 665 673 676 683 709 721 722 742 744 749 755 766 773 794 795 816 887 913 921 937 946 949 953 963 967 972 991 998 1007 1021 1044 1050 1063 1080 1095 1109 1146 1153 1160 1186 1190 1204 1211 1228 1276 1286 1298 1302 1305 1340 1347 1386 1391 1396 1397 1426 1435 1462 1464 1467 1471 1480 1510 1534 1536 1552 1556 1563 1571 1587 1599 1609 1637 1666 1675 1708 1717 1718 1728 1729 1748 1752 1768 1783 1789 1803 1815 1820 1838 1840 1843 1844 1869 1877 1889 1895 1896 1908 1976 1987 2011 2012 2016 2027 2031
transaction
9
fee
9
check
10 15 186 223 274 286 291 351 379 480 485 526 564 624 626 689 713 723 781 800 880 930 980 1344 1394 1406 1467 1670 1699 1798 1845 1907 1927 2025
if
10 15 186 223 286 351 379 480 485 526 546 564 606 624 626 689 713 723 781 800 874 880 930 980 1344 1394 1467 1670 1699 1798 1907 1916 1927 2025
is
10 15 178 223 383 526 564 624 756 880 926 930 959 980 1096 1132 1467 1523 1685 1699 1822 1927
prefix
10 157 191 279 713 1049 1481 1510 1626 1800 1808 1826 1871
break
11 186 862 1131 1498
palindrome
11 82 171 208 283 408 542 574 622 636 645 700 877 1004 1034 1076 1230 1238 1288 1551 1664 1701 1856 1929 2000 2027
counter
12 249
make
13 34 37 62 87 106 143 195 200 207 244 257 267 287 304 330 392 393 394 414 416 458 467 516 580 590 615 643 647 679 771 789 793 807 815 883 915 922 935 950 1004 1006 1025 1086 1138 1151 1157 1207 1216 1288 1302 1359 1428 1494 1509 1524 1539 1633 1645 1664 1670 1701 1720 1743 1804 1832 1835 1841 1962 1993 2018
strictly
13 1340 1645
increasing
13 52 172 200 232 303 353 437 448 544 900 979 1022 1518 1601 1645 1672 1760
circle
14 165 730 1331 1473
rectangle
14 188 225 524 775 818 938 1228 1503 1515 1631 1999
overlapping
14 1655
it
15 930 2155
straight
15
line
15 457 861 1338 1694
wrapper
16
two
17 34 53 59 102 123 178 263 269 282 284 356 383 399 431 456 467 530 549 597 606 609 659 675 700 704 798 831 869 876 929 936 969 1030 1083 1088 1097 1115 1227 1282 1307 1349 1362 1367 1376 1406 1433 1481 1513 1526 1562 1566 1577 1579 1654 1664 1673 1685 1711 1712 1754 1766 1840 1907 1909 1916 1962 1967 2004 2025
non-overlapping
17 347 408 457 675 1356 1488 1517 1571 1840
events
17 362 606 829
groups
18 173 263 398 537 765 1010 1069 1221 1721 1750 1968
farmland
18
minimum
19 21 34 37 43 62 72 75 78 81 91 94 99 110 115 123 147 165 200 207 212 230 236 237 240 248 257 263 267 269 277 331 345 357 373 387 394 414 416 429 435 473 487 499 531 559 561 563 580 585 588 590 616 623 642 643 647 669 673 690 693 699 703 727 732 739 742 750 771 773 774 775 789 793 803 807 815 834 846 861 864 866 870 879 883 888 912 922 933 935 944 950 959 1004 1015 1021 1024 1053 1103 1133 1150 1151 1158 1169 1170 1171 1192 1197 1209 1216 1221 1233 1273 1282 1288 1293 1323 1359 1396 1405 1423 1428 1435 1438 1442 1493 1495 1500 1513 1539 1540 1554 1577 1603 1604 1610 1629 1631 1687 1689 1692 1713 1720 1731 1732 1743 1759 1775 1776 1782 1803 1825 1830 1832 1835 1841 1858 1860 1874 1891 1899 1911 1931 1944 1962 1979 1981 1989 1992 1993 2009 2010
cost
19 78 91 154 257 263 563 673 678 727 793 912 1197 1233 1273 1319 1539 1540 1803 1825 1881 1889 1895 1992
reach
19 742 803 864 1192 1196 1323 1353 1860
destination
19 134 1323
in
19 29 30 32 45 55 61 66 67 85 92 109 110 130 166 176 180 181 188 224 227 237 239 255 257 275 288 296 308 335 337 343 345 354 358 379 409 419 431 437 439 444 454 461 527 529 532 535 538 548 553 557 559 566 577 584 592 596 598 600 612 614 619 623 656 663 670 693 698 699 702 705 706 710 713 730 732 734 744 753 758 768 785 788 804 812 836 847 849 882 907 914 932 941 947 956 957 970 973 974 986 1001 1012 1013 1015 1041 1050 1083 1090 1105 1114 1116 1118 1170 1175 1200 1201 1217 1219 1224 1225 1226 1233 1234 1243 1249 1250 1254 1255 1260 1274 1276 1287 1293 1304 1316 1327 1331 1336 1344 1345 1349 1365 1366 1371 1379 1380 1439 1452 1484 1489 1497 1506 1507 1516 1517 1518 1538 1540 1541 1564 1570 1572 1575 1586 1594 1596 1602 1613 1624 1628 1677 1678 1683 1695 1699 1700 1704 1721 1749 1760 1769 1771 1779 1792 1797 1813 1815 1818 1822 1823 1828 1829 1834 1836 1858 1862 1868 1873 1879 1893 1914 1920 1937 1944 1955 1960 1968 1969 1970 1973 1980 1986 1988 1997 2018 2021 2022 2033 2035 2155 2866 2970 3846
knight
20 274 1201
dialer
20
score
21 77 123 136 156 198 217 397 506 540 547 561 585 722 736 841 918 949 1000 1211 1419 1431 1513 1598 1663 1710 1715 1808 1844 1860 1917 2006
after
21 24 75 135 142 217 223 237 372 382 395 413 441 570 655 665 736 740 783 865 1021 1040 1103 1191 1208 1224 1313 1358 1405 1419 1432 1487 1500 1501 1715 1737 1781 1863 1864 1875 1892 1917 1978 2030
removals
21 441 1720
on
21 193 503 509 911 1023 1043 1073 1335 1338 1379 1500 1544 1557 1719 1728 1764 1775 1783
tree
21 41 66 92 92 110 169 180 192 205 221 271 289 291 331 345 353 358 363 378 402 407 409 422 435 446 459 475 497 504 511 519 534 538 560 612 658 698 699 710 731 734 747 764 865 867 871 893 912 940 941 951 957 961 988 1037 1037 1043 1058 1094 1101 1114 1128 1140 1194 1200 1240 1311 1314 1336 1368 1378 1383 1421 1439 1470 1520 1541 1546 1547 1550 1558 1559 1561 1573 1602 1620 1628 1636 1648 1679 1683 1780 1787 1792 1833 1850 1897 1949 1951 1984 2018 2024 2033
number
22 30 32 34 40 44 56 62 69 70 73 81 98 107 115 122 127 128 137 138 161 167 181 184 190 194 208 219 230 232 242 245 270 293 306 307 318 331 359 360 362 385 401 406 408 414 419 428 429 436 440 441 442 455 457 471 475 476 482 484 489 490 499 517 531 550 554 565 575 588 589 604 617 632 637 648 672 676 702 703 707 718 722 723 740 756 762 766 777 786 789 799 801 803 809 810 820 827 829 832 833 837 847 854 875 892 894 901 902 907 910 911 916 925 933 934 935 937 939 944 959 974 976 980 985 990 1004 1008 1010 1014 1025 1056 1070 1086 1088 1106 1116 1122 1125 1126 1135 1144 1148 1151 1156 1158 1161 1177 1177 1180 1196 1210 1217 1221 1224 1226 1229 1251 1260 1261 1280 1287 1293 1294 1305 1308 1313 1326 1348 1352 1355 1358 1369 1373 1389 1391 1394 1396 1399 1402 1405 1423 1429 1437 1456 1464 1488 1502 1518 1538 1545 1552 1560 1570 1571 1604 1609 1611 1616 1621 1633 1644 1651 1659 1685 1685 1697 1712 1713 1720 1723 1726 1744 1745 1761 1766 1771 1771 1775 1791 1815 1819 1820 1821 1842 1852 1861 1868 1883 1891 1893 1895 1910 1911 1912 1913 1924 1931 1934 1939 1948 1953 1960 1962 1973 1986 1987 1997 2009 2010 2015 2021 2022 2030
ways
22 106 440 442 455 475 604 799 985 1009 1017 1028 1144 1224 1294 1302 1437 1511 1545 1611 1644 1655 1685 1745 1842 1904
form
22 72 1137 1180 1376 1712 1768 1775
target
22 142 150 235 430 476 644 663 676 742 950 970 1157 1571 1609 1629 1768 1775 1817 1840 1853 1860 1926
given
22 51 72 131 220 294 404 653 663 784 786 847 1257 1295 1386 1388 1410 1510 1528 1548 1659 1791 1869 1914 1950 2025
dictionary
22 55 61 1193 1967
count
23 24 50 68 122 124 168 185 193 194 219 226 280 296 298 301 343 360 389 401 404 448 460 464 477 481 525 552 581 634 672 683 705 721 729 754 768 772 777 809 822 823 826 902 949 963 1023 1027 1041 1090 1120 1126 1135 1144 1161 1191 1225 1229 1271 1302 1310 1314 1340 1371 1376 1394 1404 1440 1473 1527 1548 1556 1593 1624 1655 1660 1714 1719 1761 1792 1813 1831 1844 1893 1901 1904 1905 1910 1924 1928 1937 1939 1987 2016 2017 2030
different
23 520 597 991 1511 1708 1842 3730
palindromic
23 196 290 620 752 876 1027 1219 1584 1654
subsequences
23 196 427 522 620 876 902 974 1027 1076 1124 1130 1373 1433 1651 1659
words
24 96 107 276 381 419 528 577 650 700 737 801 918 936 986 1173 1189 1205 1497 1510 1597 1680 1967 1998 2016 2021
obtained
24 1129
adding
24 848 1646 1754
letter
24 215 365 461 527 565 700 983 1478 1817
edit
25
distance
25 124 174 247 282 384 535 555 682 970 1169 1208 1282 1464 1493 1628 1915
power
26 356 1045 1474 1674 1963
four
26 1405 1530
stone
27 261 635 1381 1505 1669 1762 1866 1961 2020
game
27 261 361 433 486 500 511 613 635 708 726 733 817 835 839 878 955 1048 1093 1199 1262 1303 1479 1496 1505 1567 1758 1762 1764 1839 1866 1890 1960 1961 1966 2020
v
27 1567
matchsticks
28
square
28 587 851 963 1100 1180 1266 1471 1575 1685 1735 1905
kth
29 66 77 224 239 447 575 728 832 907 984 1327 1489 1558 1572 1587 1779 1909
element
29 224 275 342 444 515 521 671 859 1042 1187 1489 1506 1507 1638 1645 1661 1737 1779 1783 1879 1978 2035
bst
29 383 455 732 836 1169 1241 1336 1747 1880 2024
laser
30
beams
30
bank
30 246 1163 1700 1991
pivot
31 1005 1410
integer
31 80 135 335 525 525 692 702 774 782 862 1079 1122 1216 1257 1327 1337 1377 1482 1500 1529 1680 1768 1807 1882 1923 2004 2012 2866 2866
unequal
32 793
triplets
32 301 1225 1376
steps
34 615 1177 1224 1288 1771 1875 1962
anagram
34 791 1962
ii
34 41 102 140 143 158 170 178 218 245 249 287 321 374 406 427 428 469 474 487 508 513 515 574 576 582 608 610 641 647 693 747 792 819 829 846 852 857 882 886 890 900 941 945 999 1017 1060 1067 1072 1091 1141 1163 1164 1174 1215 1249 1303 1329 1351 1366 1367 1370 1372 1381 1390 1403 1408 1446 1457 1466 1472 1483 1486 1498 1505 1512 1519 1532 1631 1658 1661 1801 1802 1856 1979 1999 2005 2008
project
35
employees
35 324 573 1134 1142 1605 1726
i
35 38 100 138 252 361 649 694 724 1042 1434 1475 1805 1894 2003
root
36 809 856 1870 1969
equals
36 1424 1571
sum
36 39 58 60 66 72 86 114 125 129 147 151 170 175 177 178 184 187 191 236 253 269 281 310 333 336 348 349 352 380 382 383 403 409 460 476 478 481 530 548 562 570 621 639 644 657 665 675 679 681 755 786 821 846 855 856 868 870 896 898 932 938 959 980 999 1024 1037 1052 1061 1071 1097 1098 1129 1143 1185 1186 1190 1190 1199 1204 1218 1306 1307 1330 1333 1336 1337 1356 1365 1382 1396 1399 1405 1414 1424 1432 1442 1471 1492 1563 1571 1577 1581 1583 1587 1592 1609 1622 1636 1637 1638 1638 1656 1659 1692 1707 1722 1732 1734 1735 1765 1772 1784 1810 1822 1833 1840 1859 1870 1880 1903 1905 1926 2004 2006
children
36 806 1289
remove
37 196 203 228 264 277 314 342 417 426 716 810 837 838 874 965 1072 1174 1242 1249 1392 1478 1522 1607 1645 1769 1778 1810 1932
valid
37 107 223 257 419 438 471 526 574 580 587 611 636 763 791 800 851 911 929 982 1248 1324 1348 1402 1430 1465 1528 1635 1699 1752 1785 1835 1933 1945 2017
parentheses
37 113 305 387 526 580 611 800 848 929 993 1392 1431 1511 1778 1933
student
38 321
attendance
38 321
record
38 321
combination
39 129 332 412 999 1492
common
40 443 661 895 931 1101 1281 1481 1559 1574 1776 1786 1800 1888 1935 2016
factors
40 350 665 1535
binary
41 66 92 110 115 157 180 192 205 214 221 239 271 286 291 323 331 337 350 358 363 378 402 420 422 431 435 446 497 504 511 517 519 534 556 562 612 658 689 698 702 710 731 734 735 747 756 804 844 865 869 871 893 940 941 951 969 1012 1019 1037 1058 1059 1094 1101 1111 1128 1194 1200 1211 1240 1278 1287 1311 1336 1359 1368 1378 1401 1439 1487 1520 1542 1547 1550 1559 1561 1573 1602 1620 1628 1636 1648 1679 1683 1756 1771 1780 1787 1792 1801 1811 1833 1850 1870 1897 1901 1949 1951 1955 1984 1989 2018 2033
level
41 331 871 988 1550 1636
order
41 353 437 532 535 566 619 663 871 988 1094 1145 1170 1550
traversal
41 192 205 221 396 658 871 893 961 988 1094 1140 1378 1383 1547 1550 1949
maximum
42 45 94 103 125 127 136 137 138 160 163 175 187 197 198 211 236 241 242 299 307 308 352 362 397 408 449 498 504 506 521 525 540 544 605 638 654 666 675 694 706 747 751 785 801 806 820 829 841 847 854 867 876 881 887 898 901 904 918 929 978 992 993 1008 1010 1014 1026 1040 1052 1063 1070 1071 1073 1075 1083 1098 1104 1113 1115 1128 1129 1132 1133 1146 1176 1213 1226 1260 1274 1289 1305 1333 1335 1336 1349 1350 1356 1361 1364 1382 1414 1419 1423 1459 1471 1487 1488 1520 1534 1536 1545 1557 1560 1563 1571 1578 1581 1598 1605 1612 1617 1619 1622 1623 1633 1636 1637 1654 1657 1663 1673 1682 1695 1698 1710 1723 1725 1744 1780 1781 1809 1821 1833 1837 1852 1865 1868 1875 1877 1889 1892 1895 1913 1914 1939 1972 1996 1997 2006 2011 2021 2028
earnings
42
from
42 136 138 205 211 221 235 260 264 316 375 388 397 417 496 521 629 715 798 837 838 841 854 912 936 951 965 1029 1064 1072 1076 1133 1138 1174 1183 1350 1355 1377 1378 1383 1388 1482 1522 1547 1578 1586 1634 1701 1712 1755 1794 1810 1850 1902 1918
taxi
42
difficulty
43
job
43 1695
schedule
43 423 572 1147 1658
next
44 109 391 758 859 1042 1187 1366 1661
greater
44 332 758 795 859 892 1037 1042 1187 1340 1462 1661 1817 2024
numerically
44
balanced
44 414 640 643 735 914 1648
value
45 98 220 282 407 439 559 665 783 828 957 984 1095 1347 1386 1394 1411 1442 1578 1657 1674 1746 1776 1853 1869 1914 1920 2028 2032
an
45 91 217 224 335 343 400 493 521 547 557 592 598 602 614 660 691 738 774 812 896 909 973 995 1013 1052 1083 1090 1122 1225 1265 1274 1283 1337 1349 1371 1377 1379 1496 1514 1545 1572 1575 1638 1742 1790 1813 1828 1906 1973 2025
cyclically
46
rotating
46
grid
46 257 366 500 807 854 1041 1050 1105 1226 1233 1250 1259 1260 1293 1451 1491 1518 1540 1611 1667 1699 1704 1708 1858 1989
substrings
47 75 113 253 385 397 404 408 420 453 729 827 1125 1126 1253 1488 1570 1584 1654 1666 1714 1819 1873 1901
surface
48
area
48 213 524 775 790 1579 1631 1892 1999 2001
3d
48 213
shapes
48 213
path
49 170 257 278 281 308 337 373 526 638 787 846 991 1012 1050 1080 1176 1200 1447 1499 1513 1536 1540 1541 1683 1692 1699 1760 1784 1803 1833 1849 1898
crossing
49 1188
say
50
numbers
51 53 57 85 102 168 214 310 327 379 485 557 568 570 596 705 816 856 950 956 959 985 990 1191 1322 1339 1345 1349 1411 1516 1671 1685 1707 1718 1719 1722 1735 1754 1799 1813 1820 1827 1847 1865 1870 1931 1945
at
51 69 257 626 689 755 779 953 967 982 1012 1030 1295 1464 1500 1666 1791 1875 1914 1919 3730
most
51 88 265 671 689 757 913 1012 1308 1500 1541 1582 1666 1681 1789 1818 1875 1888 1903 1973
n
51 103 420 588 728 781 855 1127 1611 1684 1863 1917
digit
51 58 310 436 460 498 837 1162 1313 1394 1394 1405 1583 1638 1712 1862
set
51 181 462 1030 1263 1287 1825
monotone
52 1022
digits
52 63 131 228 598 1029 1112 1190 1252 1269 1337 1405 1500 1718 1768 1820 1910
add
53 63 72 102 199 244 289 456 531 556 580 919 1511 1597 1768 1923
preimage
54
size
54 286 322 784 892 1030 1281 1506 1537 1732 1750
factorial
54 964 1214
zeroes
54 462 465 964 1938
function
54 677 950 972 987 1195 1458 1853 1994
longest
55 61 65 116 172 232 241 283 290 338 503 586 611 645 667 700 735 752 843 853 873 895 900 905 931 953 982 991 1049 1051 1200 1203 1285 1390 1395 1397 1422 1452 1542 1555 1569 1575 1601 1606 1727 1760 1800 1805 1826 1829 1898 1950 1978
word
55 61 119 223 317 607 713 713 714 805 813 1053 1091 1131 1282 1344 1370 1498 1556 1570 1665 1733 1871 1888 1972 2014
through
55 1159 1845
deleting
55 1103 1978
design
56 209 272 278 386 432 720 909 1149 1195 1223 1265 1272 1334 1576 1595 1597 1639 1690 1812 1896 1900 1977
container
56 1789
system
56 176 209 246 272 842 1223 1596
compare
57 571 1959
version
57 418
alternating
58 517 815 1080 1333 1359
city
59 134 248 330 600 1062 1464
scheduling
59 1695
largest
60 66 69 131 133 188 224 332 375 403 410 559 609 622 657 749 831 858 957 984 1148 1153 1180 1217 1266 1281 1310 1313 1324 1327 1358 1427 1429 1489 1538 1556 1768 1862 2001 2012
averages
60 95 833
days
62 355 588 649 1088 1120 1863 1991 2010
m
62 93 1537
bouquets
62
triangle
64 329 996 1141 1348 1427 2001
nice
65 853 1761
substring
65 127 276 290 338 413 566 586 609 640 667 701 716 735 847 904 953 1153 1203 1285 1358 1452 1467 1490 1555 1701 1869 1874 1889
products
67 392 450 631 1374 1693 1837
ordered
67 1265
period
67 1988
anagrams
68 354 920 1864
least
69 257 441 626 755 953 967 1030 1369 1919 3730
twice
69
others
69
zero-filled
70
subarrays
70 219 262 359 467 520 543 562 672 675 683 721 1009 1063 1108 1137 1305 1356 1552 1571 1637 1656 1761 1775 1844
exchange
71
seats
71
elements
72 114 123 217 237 267 295 316 430 431 487 501 544 614 698 789 794 795 937 1083 1108 1171 1242 1340 1340 1436 1462 1501 1563 1731 1755 1783 1804 1975
ugly
73 428 550 1261
iii
73 87 117 146 313 364 468 502 577 726 977 1147 1187 1280 1492 1551 1650 1741 1751 1784 1806 1866 2013
nearest
74 1586
point
74 564 730 777 1517
that
74 92 259 362 476 503 772 786 829 1132 1180 1308 1376 1411 1570 1593 1612 1659 1714 1768 1910 1936 1998 2012
has
74 88 689 1394 3846
same
74 455 816 874 913 937 1197 1224 1347 1426 1546 1675 1766 1815 1988
x
74 1255 1462 1462 1689
or
74 79 93 163 406 834 892 913 969 1063 1397 1456 1462 1471 1542 1743 1854 1908 1988
y
74
coordinate
74 984
length
75 93 116 317 338 538 626 657 847 876 1065 1076 1103 1127 1146 1471 1637 1654 1656 1682 1698 1968 2011 2027
removing
75 136 397 1133 1501 1864 1911
repeated
76 93 368 701 873 1555 1682 1718
dna
76
sequences
76 200 389 939 1640
sort
77 331 466 489 533 537 541 579 595 599 660 738 852 857 968 979 1002 1339 1467 1647 1674 1946
students
77 762 881 1000 1237 1275 1791 1867
by
77 123 157 319 331 384 467 489 498 501 537 552 583 595 631 679 692 700 717 848 850 857 889 918 979 1007 1012 1112 1137 1143 1222 1227 1281 1291 1313 1411 1442 1647 1674 1711 1714 1725 1788 1798 1822 1959 1996 1998
their
77 1134 1629
for
78 107 131 132 202 269 399 412 640 649 669 1011 1070 1257 1414 1430 1555 1582 1603 1723 1930 1981
tickets
78 1706 1721
first
79 164 418 454 1219 1355 1823 1836 1879
completely
79
painted
79
row
79 256 289 485 913 957 1243 1528 1534 1920 1981
column
79 485 910 913 1123 1243 1528
complement
80 161 2866 2970
base
80 1068 1454 1947
10
80
k
81 93 95 125 154 197 228 286 288 295 310 316 359 441 457 520 528 552 568 626 629 657 692 721 739 755 773 873 892 938 953 959 998 1018 1032 1040 1061 1108 1132 1204 1230 1237 1273 1289 1415 1424 1432 1436 1484 1500 1516 1533 1542 1552 1563 1578 1603 1628 1637 1641 1666 1715 1737 1750 1788 1798 1822 1844 1875 1987
consecutive
81 214 240 327 715 786 816 945 1020 1130 1154 1361 1445 1516 1569 1590 1603 1630 1633 1707 1751 1810 1971
bit
81 239 771 1891
flips
81 115 1743 1830 1891
flip
83 658 844 1012 1022 1723
matrix
83 86 105 115 115 140 151 231 288 337 352 462 535 548 576 596 624 687 696 705 706 736 759 884 968 1012 1019 1276 1325 1528 1587 1760 1779 1822 1824 1955 2007 2013
generate
84 259 305 730
fibonacci
84 116 959 1110 1861
sequence
84 536 540 651 685 1110 1138 1246 1324 1430 1569
replace
85 311 339 614 640 737 1316 1445 1783
non-coprime
85
block
86
delete
87 101 220 269 287 399 516 656 697 748 836 1207 1393 1543 1596 1920
columns
87 287 366 1207 1723
sorted
87 143 148 178 264 284 287 378 393 444 445 458 659 693 705 754 838 849 880 882 932 1015 1072 1159 1174 1207 1306 1587 1641 1779 1787 1879 1909 2035
friend
88 1982
requests
88 242 1308 1982
ii:
88
who
88 450 1145 1494 1919
friends
88 850 928 1271
sleep
89
burst
90 1604
balloons
90 820 1604
split
91 147 392 403 440 604 666 799 827 914 1009 1110 1130 1426 1544 1664 1678
corresponding
92
clone
92 1035
detect
93 302 1441 1704
more
93 444 1134 1867 1988
times
93 756 873 1402 1919 1988
average
94 180 477 694 751 794 892 1184 1220 1411 1426 1455 1782
salary
94 94 153 182 1318 1440 1444
excluding
94
radius
95
subarray
95 175 187 201 241 380 393 694 755 795 821 853 898 978 992 1051 1235 1306 1330 1382 1397 1415 1424 1507 1682 1710 1732 1788 1925 1978 2011 2032
short
96
encoding
96
pass
97 751
pillow
97
rearranged
98
finish
99 429 879 1759
jobs
99
my
100 313 1060
calendar
100 313 1060
nodes
101 227 244 306 477 529 634 803 809 949 965 1010 1090 1118 1169 1186 1194 1234 1298 1314 1423 1499 1628 1792 1797 1810 1815 1968 1969 2033
return
101 1360
forest
101 1001
running
103 1592
computers
103
beautiful
104 219 270 416 625 1056 1215 1216 1244 1582
rank
105 145 254 493 558 583
transform
105 275 493 1107
fair
106 122 229 390
each
107 109 113 275 439 629 777 889 933 957 982 1011 1366 1582 1726 1840 1842 1920
puzzle
107 971 1247
department
108 1011 1318 1615
top
108 528 1168 1237 1436
three
108 133 336 559 750 786 980 1009 1045 1143 1154 1385 1411 1566 1708 1777 1819 1865 1919 1988 3730
salaries
108
populating
109 1366
right
109 629 770 868 1366 1573 1783
pointers
109 1366
second
110 1323 1444 1862
big
111
countries
111
erect
112
fence
112
between
113 124 166 236 282 430 529 544 559 609 654 739 863 1088 1169 1205 1243 1290 1423 1513 1526 1579 1638 1673 1915 1975
pair
113 682 1190 1698 1739
unique
114 128 146 207 339 404 441 620 827 855 922 1059 1146 1173 1284 1328 1373 1401 1457 1801 1836 1873 1958
convert
115 312 378 482 602 690 702 1239 1454 1484 1787 1891 2004 2009 2024
zero
115 152 330 332 711 771 822 855 915 1177 1689 1810 1883 1908
subsequence
116 121 172 195 198 232 265 365 478 508 512 561 657 681 752 873 895 900 1170 1333 1390 1422 1428 1523 1542 1601 1606 1672 1772 1805 1950
sales
117 364 1299 2003
analysis
117 361 364 839 1894 2003
super
118 273 1165 1261 1321
washing
118
machines
118
frequency
119 979 1087 1104 1136 1459 1478 1553 1647 1959
image
120 376 1738 1906
overlap
120 1515
distinct
121 427 522 646 833 939 1086 1253 1535 1572 1637 1719 1766 2030
characters
121 195 259 377 404 516 609 723 750 953 991 1086 1146 1157 1285 1332 1445 1630 1647 1786 1819 1960 1998
changing
123 1377
subtrees
124 1231
max
124 143 458 722 790 810 827 828 938 1020 1048 1062 1190 1251 1338 1377 1433 1751
cities
124 1513
items
125 537 1533 1660
pick
126 240 906 1748
blacklist
126
occurrences
127 128 365 395 716 723
iv
129 155 383 572 778 839 859 877 884 997 1479 1762
put
130
marbles
130
bags
130 1877
cut
132 727 1291
off
132
trees
132 350 431 616 797 844 869 1059 1801 1811
golf
132
event
132 1206
multiple
133 150 1412 1770
missing
135 164 439 573 575 1616 1686
non-negative
135 1590
operations
135 267 331 400 647 655 771 773 774 783 789 807 815 822 841 870 883 933 935 1025 1043 1151 1208 1396 1428 1467 1495 1524 1689 1715 1781 1790 1832 1917 2009 2030
stones
136 913 945 989 1607 1971 1992
coins
137 612 1114 1578 1649
you
137 141 190 197 211 307 454 509 801 1070 1350 1353 1377 1633 2155
can
137 141 186 197 211 252 307 362 509 800 801 829 1070 1138 1180 1344 1350 1353 1376 1377 1484 1593 1612 1633 1670 1701 1846 1936 1998
get
137 453 455 785 787 850 1350 1377 1442 1663
integers
138 424 441 456 460 489 520 530 666 715 771 786 855 1172 1204 1590 1674 1937 2004 2030 2866 2970
choose
138
range
138 222 316 348 349 481 593 725 890 1306 1345 1379 1472 1475 1533 1553 1734 1799 1813 1880 1893
sqrt(x)
139
search
140 221 353 358 363 378 402 422 431 446 714 842 849 882 940 1037 1059 1091 1101 1111 1325 1439 1439 1461 1597 1626 1787 1801 1984 2033
2d
140 312 602 1325 1667 1704 1711 1734
last
141 317 566 568 633 1166 1355 1381 1564 1669 1879
day
141 454 1039 1082 1363
where
141 197 454 1317 1685
still
141
cross
141 1375
indices
142 973 1002 1139 1560
sorting
142 1709
chunks
143 458
domino
144 1210 1981
tromino
144
tiling
144 1228
sequentially
145
ordinal
145
tracker
145 1136
paths
146 235 271 330 718 722 746 1065 1328 1355 1435 1457 1518 1602 1822 1969 2018
squares
148 302 664 760 1228 1250
cat
149 1403
mouse
149 1403
construct
150 205 221 225 459 951 1230 1324 1378 1547 1717
sums
150 237 653 998 1306 1509 1528 1788
diagonal
151 474 1380 1668
triples
152 1905
bitwise
152 241 262 332 1033 1063 1524 1799
equal
152 210 267 333 336 359 453 467 477 479 487 590 609 647 676 723 789 794 883 892 915 1061 1086 1095 1104 1190 1371 1376 1394 1396 1397 1462 1471 1509 1524 1539 1542 1552 1670 1685 1723 1731 1743 1777 1847 1981 2018
swap
153 227 229 788 921 1026 1208 1555 1670
total
154 174 299 449 523 773 793 889 1007 1135 1152 1218 1493 1607
hire
154 1273
workers
154 1273
rotation
156
highest
156 182 739 949 1085 1211 1312 1318 1444 1533
divisible
157 552 679 692 858 1007 1108 1143 1371 1411 1788 1798 1822 1993
5
157 967 1867
trapping
158 206
rain
158 206
water
158 206 463 1158 1448 1749 1789 1942
contain
159
virus
159
minimize
160 430 494 553 848 886 1075 1115 1152 1208 1307 1607 1943
patching
162
positive
164 525 575 666 1257 1442 2011 2012
cuts
165 1892
divide
165 210 479 1010 1221 1516 1745 1750 1910
merge
166 284 415 445 529 831 869 1057 1241 1346 1641 1711 1992
lists
166 284 316 704 1577 1641
subsets
167 270 374 813 948 1061 1924 1939
coprimes
169
continuous
172 338 935 1235 1330 1397
hamming
174 1208
duplicate
176 203 434 586 802 966 1156 1231 1393 1519 1596 1741
file
176 845 1958
multiples
177
-
178 348 349 383 508 748 1734
input
178 383 2866 2970
fruit
179
into
179 210 312 336 363 479 602 745 827 1009 1010 1110 1130 1221 1307 1666 1750 1931
baskets
179
levels
180 1240
infinite
181
nth
182 239 417 1162 1389
interval
183 770 1296 1727 1813
intersections
183
sub-arrays
184 892 1840
odd
184 259 297 628 711 1002 1217 1240 1276 1352 1449 1470 1656 1813
meals
185
another
186 764 926 1137
one
187 257 289 436 686 689 717 750 771 921 1012 1203 1645 1670 1714 1771 1908 1978 1988 1994 2016
deletion
187
histogram
188
broken
189
calculator
189 278 778 1408 1740
full
190 1116 1363 1811 1877
rounds
190 212
have
190 259 454 606 723
played
190
scores
191 254 621 739
preorder
192 205 221 658 961 1383 1547 1951
collisions
193 1023
road
193
ideal
194
arrays
194 282 467 659 707 793 1115 1151 1307 1362 1367 1376 1396 1412 1481 1562 1711 1712 1907 1909
append
195 1204
build
197 388 400 1904
exactly
197 1563
comparisons
197
expression
199 601 848 1000 1178 1409 1657
operators
199 1369
swaps
200 414 590 1160 1313 1500 1603 1979 1989
xor
201 279 521 708 915 984 1013 1033 1349 1376 1490 1781 1943
queries
201 222 344 382 538 570 854 865 1121 1209 1490 1553 1728 2033
position
202 372 982 1197 1461 1879
service
202
centre
202
letters
203 505 918 1521
car
204 688 1329 1848
fleet
204 1329
inorder
205 893 1378
deletions
207 416 643 1335 1993
character
207 555 629 1203 1395 1555 1714 1836 1959
frequencies
207
movie
209 1277
rental
209
points
211 263 854 1274 1319 1320 1338 1423 1437 1473 1579 1579 1744 1895 1899
obtain
211 822 1618
cards
211 240 437 1255
complete
212 519 888 1229 1314 1554
tasks
212 307 429 879 888
projection
213
concatenation
214 276 425 676 1746 1845
tile
215
possibilities
215
memoize
216 641
marking
217
cycle
218 538 1256 1304
leaves
220 443 639 1859
product
222 364 568 622 706 725 876 978 1040 1083 1128 1171 1295 1302 1337 1415 1420 1433 1535 1654 1673 1675 1685 1865 1909 1972 2003 2011
powers
222 980
substitutions
223
primes
226
candy
229 509 1591 1619
moves
230 487 559 690 742 1004 1226 1484 1629 1731 1737 1841 1860
seat
230 334 776
everyone
230
toeplitz
231
capital
233 563 1441
gain/loss
233
fraction
234 1074 1245
addition
234 1216 1472
subtraction
234 761
source
235
difference
236 237 430 498 544 559 605 646 654 732 739 958 1024 1075 1132 1150 1209 1243 1307 1362 1377 1449 1610 1638 1673 1782 1950 1987
price
236 384 1152 1220 1295 1533 1956
removal
237 864 865
watering
238 1512
plants
238 1512
up
240 855 1768
achievable
242
transfer
242
escape
243 346 1965
spreading
243
fire
243
edges
244 699 810
degrees
244
even
244 297 460 570 628 666 671 711 1002 1322 1352 1411 1452 1470 1770 1820 1968
single
245 293 1241 1280 1621 2035
simple
246
maximize
247 248 798 837 974 1076 1259 1283 1432 1737 1742 1808 1917 2032
closest
247 295 678 681 796 1034 1345 1549 1853 1883 1926 2033
person
247 1299 1564
powered
248
components
250 1229 1347
middle
251 1639 1970
win
252 798
beauty
253 449 1365 1925
fix
255
names
255 1958
table
255 907 1374 1615 1834
keyboard
256 743
building
258 1353 1887
boxes
258 426 1350 1634 1766
counts
259 1087 1452
as
260 260 713 969 1570 1957
far
260
land
260 1624
possible
260 581 809 1363 1388 1500 1653 1811
ix
261
ors
262
connect
263 1319
duplicates
264 748 838 1072 1174 1249 1769 1828
competitive
265
relative
266 533
ranks
266
skyline
268 1062
problem
268 1448
ascii
269
parking
272
palindromes
273
tour
274
configuration
274
apply
275 1460 1524 1684 1790
over
275
cars
277 642
containing
277 777 1452 1579 1819
illegal
277
goods
277
graph
278 539 623 810 1035 1090 1096 1098 1118 1176 1304 1677 1688 2031
shortest
278 337 393 542 555 651 755 787 970 1050 1080 1235 1268 1304 1499 1580 1935 2014
original
279 1029 1183 1398 2025
similar
280 765 1103 1151
reconstruct
285 475 1019 1029
itinerary
285
contains
286 485 802 1519 1741
codes
286
weakest
288
rows
288 1587 1723
completeness
291
snapshot
292
divisor
294 661 817 1574
threshold
294 795 892 1464 1471 2031
matches
296
tournament
296
submatrices
298 476 717 963
ones
298 465 689 963 1020 1243 1534 1590 1603 1751
importance
299 1508
roads
299 1803
pow(x,
300
n)
300
decreasing
303
great
304 875
leaf
306 856 912 1870 1918 1969
assign
307 591
trailing
308 964
zeros
308 529 966 1243
cornered
308
flatten
309 491 1632 1897
multilevel
309
doubly
309
units
310 1557
1d
312 1592
comments
314
orderly
315
queue
315 432 962 1222 1639 2022
covering
316 1021
closed
318
islands
318 637 1831
group
319 631 784 784 920 1310 1537 1655 1979
dining
320
philosophers
320
reduce
322 774 954 1177 1689 1771
half
322
watch
323
needed
324 1706
inform
324
employee
325 339 503 889 1011 1508 1726
bonus
325
reformat
326 808 916 1615
sentence
328 379 419 713 986
pascal's
329 1141
reorder
330 455 1594
routes
330 581 1077
lead
330
than
332 444 795 892 938 990 1134 1397 1415 1462 1471 1542 1817 1844 1867
partition
333 336 411 745 1061 1132 1307 1410 1414 1545 1600 1666 1964 2019
subset
333 653 858 926
cinema
334
allocation
334
lucky
335 596
parts
336 1678 1777
alphabetical
338
id
339
identifier
339
rings
340
rods
340
filling
341
bookcase
341
shelves
341
hills
343
valleys
343
subrectangle
344
collect
345 1114 1438
apples
345 1438 1913
large
346 398 1099 1902
maze
346 1586
intervals
347 745 1221 1346 1932 1937 1957 1975
query
348 349 605 832 1582 1734
immutable
348 1734
mutable
349
object
351
instance
351
class
351
capacity
355 1877
ship
355
packages
355
within
355 453 1018 1533 1967
d
355
incompatibility
357
mode
358
gcd
359 660
teams
360 479 583
play
361 839
be
362 393 800 829 1344 1593 1605 1612 1998
attended
362 652 829
insert
363 697 748 1296 1461
k-length
365
width
366 1213 1780
bulls
367
cows
367
match
368 413 658 1990
lemonade
369
change
369 750 1164 1487 1857
decode
370 545 927 1017 1028 1341 1476 1757
xored
370 927
hand
371 1796
straights
371
frog
372 610 1167
t
372
seconds
372
effort
373
values
375 912 1227 1276 1633 1666 1711
labels
375 1600
smoother
376
stream
377 715 1265 1489 1794 1957
are
379 546 626 874 990 1406 1411 1798 1907 1916
ascending
379 898
ranges
380 768 1343 1655
concatenated
381 1146
handling
382
update
382
filter
384 1755
restaurants
384
vegan-friendly,
384
only
385 1521
1s
385
authentication
386
manager
386 1142
insertions
387
balance
387 446
permutation
388 391 804 921 927 983 1129 1246 1527 1613 1728
hidden
389 1112
distribution
390
cookies
390 591
coprime
392
removed
393 913
rope
394
colorful
394
bigram
395
snail
396
positions
398 1955
operation
399 761 1013 1896
stack
400 452 1418 1459 1640 1896
consistent
401
trim
402
keys
405 743 787
rooms
405 454 1806
guess
406 1456 1733
higher
406 1456
lower
406 461 1279 1456
bottom
407
left
407 629 868 1142 1859
distances
409 1765
plus
410 686
sign
410 501
iterator
412 891 940 1632 1814
replacement
413 1395 1882
alternately
415 1270
end
417
bad
418
representing
420
1
420 489 789 934
island
421 790 1099 2010
perimeter
421 1427 1438
recover
422 1383 1398
course
423 572 982 1147 1658
distribute
424 612 806 960 1038
repeating
424 904 953 1203 1285 1395 1445
work
429 757 1070
sessions
429
chosen
430
determine
433 546 606 1916
winner
433 1496 1608 1764
bowling
433
emails
434 1393
depth
435 504 867 929 993
reveal
437
parenthesis
438
genetic
439 473 605
subtree
439 477 764 865 1298 1903
pens
442
pencils
442
lowest
443 739 1101 1559
ancestor
443 654 1101 1558 1559
deepest
443 639 1298
appearing
444
25%
444
instructions
447 1105 1159
quadruplets
448 1928
gardens
449
customers
450 1145
bought
450
naming
451
company
451 1142
implement
452 924 962 1193 1763
queues
452
budget
453
been
454
sets
457 1516
segments
457 798 915 1986
quad
459
greatest
461 661 1143 1391 1574 1783 1920
english
461 1029 1680
upper
461
case
461 983 1279
pacific
463
atlantic
463
flow
463
subdomain
464
visit
464 1858
colors
466 597 1080 1708
reversing
467
restaurant
470 1834
growth
470
flood
472 600
fill
472 1687
mutation
473
traverse
474 1668
constrained
478
players
479 887 1908
skill
479
a's
480
appears
480
before
480 866 1166
b's
480
hexadecimal
482
debounce
483
perfect
484 587 664 818
every
485 1684
card
486
flipping
486 736 1906
doubled
488 1183
bits
489 517 830 934 1287 1352 1793
additive
490
deeply
491
nested
491 684 1632
rising
492 1749
temperature
492 1239
malware
494 886
spread
494 886
masking
495
personal
495
information
495 573
adjacent
496 788 937 991 1249 1286 1500 1603 1769
pruning
497
remapping
498
food
499 792 1834
buckets
499
feed
499
hamsters
499
rearrange
501 986 1157 1205 1374 1808
paint
502 1611
house
502 977 997 1372 1886
worked
503
task
503 1589
shifting
505
divisibility
506 1625
bricks
507
falling
507 760 846 1692
when
507 1301
hit
507
arithmetic
508 543 1138 1247 1606 1855 1950
slices
508 1843 1855
eat
509 588 762
your
509 509 850
favorite
509 509 926
day?
509
fizz
510 994
buzz
510 994
multithreaded
510
coloring
511 695
wiggle
512 852
n-queens
513 2023
thousand
514
separator
514
peak
515 947 1312
fancy
516 536
daily
518 1662
temperatures
518
inserter
519
appeal
523
negative
525 705 706 2012
there
526 1699
percentage
527 652 1121
frequent
528 671 1436 1903 1973
rungs
531
k-th
532 682 1074 1127 1175
lexicographical
532 566 1127 1827
cells
535 1041 1135 1276 1293 1379 1863
respecting
537
dependencies
537
modify
539
edge
539 1065
weights
539
insertion
541 1288
message
545 1544
halves
546
alike
546
prefixes
547 1548
combine
549
tables
549
interleaving
551
deviation
553
disappeared
557
maximal
558 1100 1503 1715
network
558 584 1025 1078 1301
symmetric
560
fuel
563
report
563 1726
reachable
564 1118
combinations
565 814 911
phone
565 916 1945
rotate
567 987 1643 1738 1816
slowest
569
key
569 1297 1728 1973
backspace
571
spiral
576 884 2007 2013
corporate
578
flight
578
bookings
578
people
579 703 784 926 960 1073 1954 1976 2015 2022
4sum
582 1884
votes
583
critical
584 699 1423
connections
584
triangulation
585
polygon
585 1023
oranges
588 1885
satisfying
589
inequality
589
matching
592 601 887 1651 1660 1691 1703
module
593
nesting
594 929 993
parity
595 857 1313
furthest
597 1353
houses
597 1144
separate
598 985
custom
599 972
avoid
600 1445
regular
601
conditions
602 750
decompress
603
run-length
603
encoded
603 2025
conflict
606
compression
608 680
jump
610 628 726 955 1167 1303 1479 1567 1890
life
613
non-decreasing
615 1089 1124
height
616 865 1047 1222 1996
k-beauty
617
based
618 1073 1544
key-value
618
store
618 1837
length-3
620
built
621
degree
623 995
connected
623 1025
trio
623
x-matrix
624
arrangement
625 1215 1785
1's
626 1978 1979
places
626
away
626
take
629 1064
heaters
630
sold
631
date
631 808 1295
lines
632 861 1504
write
632 2155
prototype
633
vii
635
probability
638 776 1201 1766
repair
642
chunked
645
decomposition
645
n-th
648
tribonacci
648
user
649
activity
649
past
649
30
649 2881
expressive
650
impossible
651 834
rolls
651 1609
users
652 1752 1876
contest
652
applying
655 1715
median
659 721 1258 1794
distant
662
barcodes
662
create
663 1014 1159 1241 1347 1458 1850
replacing
665 1112
prime
665 761 1074 1287 1345 1380 1535 1705 2000
awesome
667
text
668 720
justification
668
penalty
669
shop
669 744
mountain
670 947 1635 1720 1829
buying
673
candies
673 960 1038 1289 1350 1391
discount
673 744 1460 1684
ipo
674
composition
677
dessert
678
p
679
fixed
683 2027
bounds
683
generator
684
stamping
685 1451
pyramid
687
transition
687
race
688 1759
segment
689
shuffle
691 885 1342 1878
rotated
693 849 880 882 1015 1269
border
695
01
696
getrandom
697 748
o(1)
697 748
contaminated
698
pseudo-critical
699
spanning
699
concatenating
700 1137
teach
703
intersection
704 1030 1367 1412 1562
non
706
squareful
707
chalkboard
708
solving
709 1000
questions
709
brainpower
709
goat
712
latin
712
occurs
713
any
713 1129 1382 1494 1837
data
715 1594 1597 1614 1794 1957
increment
717 922 1896
confirmation
719
rate
719
editor
720
article
724
views
724
abbreviating
725
stick
727
factor
728 1281
vowel
729 754 768 1893 1985
cameras
731
absolute
732 932 1150 1209 1382 1397 1657 1987
nim
733
cousins
734 941
double
740 781
reversal
740
calculate
741 1583 1700 1980
delayed
741
arrival
741
rotations
742 1981
2
743 1474 2866
final
744 783
prices
744 1460
special
744 902 1053 1361 1462 1756 1803 1928 1955
disjoint
745 1957
out
746 1166 1566
boundary
746
allowed
748
submatrix
749
rearrangements
749
satisfy
750 1659
ratio
751
battleships
753
board
753 1447 1719
prefix-aligned
756
profit
757 1113 1695
assigning
757
reshape
759
unable
762
lunch
762
tic-tac-toe
763
state
763
burgers
766
no
766 938 1286 1480 1579
waste
766
ingredients
766
loud
767
rich
767
latest
769 1112 1537
catch
769
bus
769 1077 1564 1915
servers
772 1308
communicate
772
space
773
wasted
773
resizing
773
0
774
airplane
776
assignment
776
rectangles
777 1180 1517 1934
basic
778 1408 1740
decoded
779
index
779 906 947 1005 1095 1577 1823 1914 1970
cracking
780
safe
780 1463
its
781 1399 2012
exist
781
variable
783
performing
783 841
they
784
belong
784
generated
785
lr
788
immediate
792
delivery
792 2017
not
794 926 1354 1494
neighbors
794 874 1464
varying
795
divisors
796 1385 1530
leaf-similar
797
type
801 1053 1282
vertices
803
representation
804 1287 1771
stickers
805
spell
805
money
806 866 1700
uni-value
807
keep
810 1062 1227
fully
810
traversable
810
gas
811
station
811
k-diff
812
differences
816 868 932
redundant
819 1232
connection
819 1232
minimums
821
repetitions
823
open
824 1158
lock
824
goal
825
parser
825 1212 1627
interpretation
825
followers
826
equation
828 903 1257
trimmed
832
zuma
835
result
837 848
grumpy
840
bookstore
840
owner
840
multiplication
841 907 1912
suggestions
842
chain
843 1698
equivalent
844 1210 1406 1407 1907
transpose
845 1824
watched
850
videos
850
categorize
860
box
860 933 1629 1997
according
860 1410
criteria
860
represent
861
chart
861
angle
863
hands
863 1983
clock
863 1402
obstacle
864 982
corner
864
required
866 1435
transactions
866 1413 1434 1494
n-ary
867 961 988 1140
halve
870
gray
872
code
872 1173
colored
874 1046 1135
pieces
874 1618 1676
both
874
color
874 937
partitions
875 1056
partitioning
877 1551 1856 1929 1931
dungeon
878
initial
879
energy
879
taking
881
exam
881 897 1742
trainers
887
spent
889 1120
rle
891
unoccupied
894
chair
894
triangular
896
room
897
sufficient
899
team
899 1480 1809
third
901
solve
903
happy
905 1127 1826 1953
freedom
908
trail
908
atm
909
machine
909 1184
excel
910 1123 1379
sheet
910 1123 1379
move
911 933 1197 1618 1629 1927 1938
chessboard
911 1107 1201
xor-beauty
917
formed
918 1998
previous
921
long
923 1745
pressed
923
name
923
trie
924
(prefix
924
tree)
924
recent
925
calls
925 950
whose
926 959 1142 1822
companies
926
appropriate
928
ages
928
subpath
931
balls
933 1046 1526 1766 1944 1997
uncommon
936 1390 1805
sentences
936 2021
larger
938
roll
939 1384
climbing
942 1881
stairs
942 1881
evaluate
943 1368 1400
polish
943
notation
943
frogs
944
croaking
944
moving
945 1971
until
945 1971
3sum
946 1016 1549
multiplicity
946
buddy
952
transformation
954
vi
955 1961
lonely
956
stacks
962
managers
967 1134
direct
967
reports
967
diagonally
968
logical
969
grids
969
represented
969
quad-trees
969
sliding
971 1258 1364 1925
call
972 1994
context
972
k-distant
973
push
975
dominoes
975
provinces
976
robber
977 997 1372 1886
jewels
989
how
990
many
990
smaller
990 1191 1340
current
990
judgement
996
math
1000
rabbits
1001
independently
1002
destroying
1003
asteroids
1003
empty
1006
songs
1007
durations
1007
60
1007
darts
1008
inside
1008 1473
dartboard
1008
primary
1011
disconnect
1012 2010
cheapest
1018
flights
1018
stops
1018 1713 1915
2-row
1019
white
1021 1725
tiles
1021 1725
carpets
1021
monkeys
1023
squared
1024
bag
1031 1944
tokens
1031
inverse
1032
pairings
1033
profitable
1036 1541
schemes
1036
week
1039
increments
1040 1775
unguarded
1041
lcp
1044
diminishing-valued
1046
min
1048 1319 1418 1881
uploaded
1049
obstacles
1050
elimination
1050 1839
turbulent
1051
hourglass
1052
typewriter
1053
monotonic
1054
surrounded
1055
regions
1055 1291
accounts
1057
invert
1058
increase
1062
gifts
1064
richest
1064 1300
pile
1064
checking
1065
existence
1065
limited
1065
magical
1066 1389
special-equivalent
1069
weeks
1070
which
1070 1726
twin
1071
statements
1073
delay
1078
roman
1079 1807
dota2
1081
senate
1081
year
1082
tag
1084
validator
1084
altitude
1085
tweet
1087
per
1087 1184
dates
1088
unreachable
1090
undirected
1090
utf-8
1092
validation
1092
24
1093
vertical
1094 1579 1892
bipartite?
1096
star
1098 1688
making
1099 1958
lfu
1102
cache
1102 1109 2002
ends
1103
execution
1105
suffix
1105 1626 1830
staying
1105
enclaves
1106
limit
1109 1397 1544 1717 1872 1944
operating
1113
centennial
1113
wheel
1113
flowers
1116 1846
bloom
1116 1363
defuse
1117
bomb
1117
subdivided
1118
satisfiability
1119
equality
1119
equations
1119
together
1120 1979
quality
1121 1176
punishment
1122
title
1123 1921
wonderful
1125
homogenous
1126
splitted
1128
such
1132
earning
1134
progression
1138
postorder
1140 1378 1547 1949
place
1144 1224 1846
never
1145
memory
1149
allocator
1149
trips
1152 1554 1876
variance
1153
odds
1154
validate
1155 1194 1640 1984
ip
1155 1267 1514
address
1155 1514
taps
1158
garden
1158 1438
texts
1161
account
1163
summary
1163 1343
coin
1164 1857
pow
1165
moment
1166
ants
1166
fall
1166 1317
plank
1166
travellers
1168
non-increasing
1170
non-zero
1171
powerful
1172
morse
1173
symbol
1175
grammar
1175
parse
1178
lisp
1178
ransom
1179
note
1179
video
1181 1681
stitching
1181
invalid
1182 1413 1778
tweets
1182
process
1184 1982
map
1185 1312
even-valued
1186
grandparent
1186
self
1188 1191 1420 1671
vertically
1189
jumps
1192
home
1192
magic
1193 1250 1911
cancellable
1195
chips
1197
successful
1198
spells
1198
potions
1198
zigzag
1200 1453 1550 1683 1804
simplified
1202
fractions
1202
minimal
1204
spaces
1205 1646
emitter
1206
divisions
1211
html
1212
entity
1212
ramp
1213
clumsy
1214
strength
1218
wizards
1218
selling
1220 1676
reconstruction
1222
underground
1223
stay
1224
some
1224 1501
multiplying
1227
found
1227 2021
fewest
1228
homecoming
1233
k-group
1234
unsorted
1235
throne
1236
inheritance
1236
reward
1237
bsts
1241
recurring
1245
decimal
1245
verbal
1247
boomerang
1248
k-sum
1251
sequential
1252 1443
echo
1253
investments
1254
2016
1254
kind
1255
deck
1255
solution
1257
window
1258 1364 1874
happiness
1259
fish
1260
new
1262
21
1262 2881
mismatch
1263
cherry
1264 1532
pickup
1264 1532 2017
1-bordered
1266
addresses
1267 1284
superstring
1268
foobar
1270
unhappy
1271
skiplist
1272
archery
1274
competition
1274
examinations
1275
rating
1277
gap
1278 1617
component
1281
fingers
1282
greatness
1283
email
1284
without
1285 1361 1590 1854
flower
1286
planting
1286
allocated
1289
plates
1290
candles
1290
slashes
1291
walking
1292 1446
simulation
1292 1384 1446
visited
1293 1494 1818
cutting
1294
pizza
1294 1843
license
1297
formatting
1297
customer
1300 1425 1429 1494
wealth
1300
becomes
1301
idle
1301
bounded
1305 1331 1914
handled
1308
online
1309 1507 1974
election
1309
serialize
1311 1747
deserialize
1311 1747
human
1315
traffic
1315
stadium
1315
will
1317
ball
1317
reaching
1320
egg
1321
drop
1321
finding
1322
3-digit
1322
senior
1326
citizens
1326
1-bit
1332
2-bit
1332
hashset
1334
subtract
1337
jumbled
1339
placed
1344
crossword
1344
bulb
1351 1730
switcher
1351 1730
boring
1354
movies
1354
restricted
1355 1982
3
1356 1611
describe
1357
painting
1357 1708
mutating
1358
changes
1359
origin
1360
floors
1361 1361
earliest
1363
boolean
1368 1409
express
1369
ladder
1370 1665
bridge
1375 1580
weight
1381 1669 1748
dice
1384 1609
numeric
1386
reducing
1387
dishes
1387
recipes
1388
supplies
1388
kids
1391
outermost
1392
diff
1397
less
1397 1415 1471 1542 1844
division
1400 1767
asterisks
1404
splitting
1405 1419
whether
1406
almost
1406
parsing
1409
sudoku
1416 1465
solver
1416
asteroid
1417
collision
1417
except
1420
harmonious
1422
referee
1425
placing
1429
orders
1429 1684 1834
permutations
1430 1486 1696
di
1430 1990
negations
1432
dot
1433
monthly
1434
weighted
1435
subgraph
1435
earn
1437 1543
enough
1438
categories
1440
step
1442 1442
destroy
1443
targets
1443
?'s
1445
alphabet
1447 1482
jug
1448
global
1450
local
1450
inversions
1450
conversion
1453
-2
1454
waiting
1455
hello
1458
world
1458
eventual
1463
states
1463
strange
1466 1995
printer
1466 1995
transformable
1467
ambiguous
1468
coordinates
1468
crawler
1469
log
1469 1594
folder
1469
side
1471 1573 1783
lattice
1473
reordered
1474
encode
1476
tinyurl
1476
brick
1477
wall
1477
equalize
1478
conflicts
1480
decrypt
1482 1922
mapping
1482
teemo
1485
attacking
1485
illumination
1491
traveled
1493
but
1494
did
1494
visiting
1499 1899
mean
1501
boomerangs
1502
uncrossed
1504
n-repeated
1506
2n
1506
majority
1507
k-subarray
1509
counting
1510 1793
defanging
1514
sub-folders
1522
filesystem
1522
tallest
1525
billboard
1525
magnetic
1526
force
1526
(atoi)
1529
scramble
1531
ranked
1533
gold
1536
3-same-digit
1538
lcm
1552
sender
1556
truck
1557
marked
1560
diameter
1561
fit
1564
town
1565
judge
1565
koko
1568
eating
1568
bananas
1568
appear
1570
view
1573
streak
1575
hashmap
1576
piles
1578
widest
1579
k-concatenation
1581
item
1582
h-index
1585 2005
exit
1586
entrance
1586
isomorphic
1588
scheduler
1589
artifacts
1593
extracted
1593
files
1594
browser
1595
history
1595
folders
1596
structure
1597 1614
spliced
1598
copy
1599
pointer
1599
pseudo-palindromic
1602
arrows
1604
invited
1605
meeting
1605 1806
predict
1608

1611
enemy
1612
forts
1612
captured
1612
o`one
1614
tastiness
1619
basket
1619
tilt
1620
biggest
1621
detonate
1623
bombs
1623
fertile
1624
pyramids
1624
mini
1627
location
1629
delivering
1634
storage
1634
ports
1634
front
1639
back
1639
mice
1642
cheese
1642
select
1644
buildings
1644
arranging
1649
parallel
1650 2008
courses
1650 2008
russian
1652
doll
1652
envelopes
1652
bipartition
1653
condition
1659 1729
rule
1660
leads
1662
partners
1662
shift
1667
dividing
1671
triplet
1672
tuple
1675
wood
1676
ancestors
1677
directed
1677
acyclic
1677
univalued
1679
popular
1681
creator
1681
labelled
1683
observations
1686
amount
1687 1980
cups
1687
center
1688
deque
1690
wildcard
1691
recyclable
1693
low
1693
fat
1693
tenth
1694
music
1697
playlists
1697
leetcode
1700
exclusive
1702
functions
1702
camelcase
1703
cycles
1704
arrangements
1705
pancake
1709
summing
1711
refueling
1713
differ
1714
snakes
1716
ladders
1716
repeat
1717
booking
1721
concert
1721
k-mirror
1722
minesweeper
1724
covered
1725 1932
carpet
1725
well-performing
1727
patients
1729
rearranging
1736
fruits
1736 1875
topmost
1737
sightseeing
1739
confusion
1742
b
1743
c
1743
visible
1744 2022
corridor
1745
swim
1749
e-mails
1752
mirror
1753
reflection
1753
negabinary
1754
slanted
1757
ciphertext
1757
losers
1758
rand10()
1763
rand7()
1763
tic
1764
tac
1764
toe
1764
having
1766
optimal
1767 2019
widths
1772
reorganize
1773
poor
1774
pigs
1774
doing
1791
homework
1791
multiply
1795
poker
1796
swapping
1797
decrease
1804
performance
1809
peeking
1814
sub-tree
1815
label
1815
sector
1818
track
1818
eliminate
1821
monsters
1821
occurrence
1823 2016
cooking
1825
sub
1831
k-increasing
1832
display
1834
additions
1835
minimized
1837
distributed
1837
cooldown
1838
complementary
1841
wear
1842
hats
1842
other
1842
3n
1843
formation
1845
rational
1847
pooling
1848
simplify
1849
descriptions
1850
k-similar
1851
69
1852
mysterious
1853
aaa
1854
bbb
1854
cell
1858
prison
1863
resultant
1864
classes
1867
hash
1869
promise
1872
wraparound
1873
harvested
1875
rocks
1877
advantage
1878
rotting
1885
h2o
1887
piece
1892
cake
1892
horizontal
1892
market
1894
univalue
1898
twitter
1900
statistics
1902
sample
1902
losses
1908
beans
1911
complex
1912
eaten
1913
close
1916
starting
1918
actors
1919
directors
1919
cooperated
1919
capitalize
1921
encrypt
1922
array-form
1923
square-free
1924
mutated
1926
legal
1927
available
1930
captures
1930
rook
1930
deci-binary
1931
interchangeable
1934
supersequence
1935
queens
1936
attack
1936
king
1936
bitwise-or
1939
chunk
1940
allocate
1941
mailboxes
1941
bottles
1942
7
1947
atoms
1948
verify
1951
serialization
1951
contiguous
1952
boats
1954
save
1954
fluctuation
1956
weak
1960
heroes
1963
ghosts
1965
baseball
1966
edits
1967
insufficient
1969
lengths
1972
following
1973
span
1974
identical
1975
secret
1976 2015
bitset
1977
paid
1980
taxes
1980
couples
1983
holding
1983
spellchecker
1985
alert
1988
key-card
1988
hour
1988
arrange
1989
rob
1991
allow
1994
stacking
1996
cuboids
1996
lru
2002
no-zero
2004
compatibility
2006
exists
2012 2025
completing
2014
aware
2015
options
2017
costs
2018
soup
2026
servings
2026
erasure
2028
champagne
2029
tower
2029
connectivity
2031
shopping
2034
offers
2034
one-line
2155
unix
2155
pipes?
2155
java,
2866 2970
compiler
2866 2970
represents
2866 2866 2866 2970 2970
signed
2866 2866 2866 2970 2970
2's
2866 2970
notation.
2866 2970
therefore,
2866 2970
example
2866 2970
above,
2866
-3
2866
output
2866
-1073741825.
2866
3,
2970
integer.
2970
-3.
2970
there's
3730
solutions.
3730
try
3730
explore
3730
possibilities.
3730
:
3737
-1000
3846
<=
3846 3846
node.val
3846
1000.
3846
456-7890
3981
